30
0 25
64291 177271 568717 1285007 2645953 3218147 4485847 7532557 10439753 12382831 13313437 14501939 16104971 19474349 23940289 27870709 31189309 33422353 35781299 40164161 45712763 53023507 61867189 64945717 71458921
0 34
10902733 863453 1856447 26823847 12582629 485473 566171 288593 587273 12807931 20624683 20581369 1388437 1391359 21001807 15826703 14341133 18111259 8611073 14400349 12990779 19733299 3184127 2066663 26095543 10902733 863453 1162181 269747 837703 59179411 2502029 945667 2311313
0 25
29922407 10687973 8114609 25959809 37669741 44244143 16503133 10863467 16912673 1307401 1602247 7837189 2876749 3756121 4559719 7032323 9671371 10129373 27339943 59937893 5571173 5004533 3821759 2384167 15594277
0 53
48678529 64334917 85026841 16109087 3052009 13289429 57866449 63541271 69772609 80598097 93103201 82277023 72709729 31319671 13490929 21512761 34304449 36307543 38427601 1630337 69169 2187371 69172489 11968163 2070721 3771619 6869641 8683373 10975969 11691577 12453841 14606531 17131321 17677669 18241441 19505657 20857489 45519289 99341089 94357589 89624089 11918953 1585081 11118229 77986561 77986561 10712003 1471369 1471369 6456799 28334329 24501769 21187609
0 25
34934849 28738877 33457603 30792893 29222689 15343529 10193363 324281 613619 11008177 11282153 70337291 11148883 447973 2604659 7590521 8947097 55995493 4605631 6646109 7588541 5281909 52552603 561443 483187
0 25
1426849 1808603 92651077 81498541 8317187 9836741 9173809 7129957 4872011 1026871 13691081 80046101 16181021 16950473 5095901 1604159 26673377 48712049 22171489 13102589 16206271 22643911 27156907 28431989 31737469
0 25
59953261 73542541 71204641 13056773 1224653 5451377 48782509 50377661 3041447 4297103 53300783 39908107 38365429 19108181 20354141 37150277 1244449 1278727 8912143 2003207 3424273 5686781 9912493 17251747 20675951
0 32
1620653 34646077 15705259 2443253 3668453 1397677 2128219 27776267 40428151 37035913 5753287 6280249 42763571 25782803 20089343 30432631 24450901 32054567 30863083 35117609 8210479 6494077 34560307 11857009 2227999 4905871 1268831 2919877 83097607 10161131 5904551 8311049
0 52
446429 42648097 596213 447061 40954183 27059143 295381 447061 28628881 15020171 15020171 18399583 16886591 21919603 17170277 33798641 17350031 2664209 11868359 30248929 26320969 24656459 32969539 35195249 17308483 6134351 6521051 47013287 33798641 5189999 2664209 8814107 372959 309443 7313039 11707957 495409 636661 15046153 10565353 54049109 3619829 2144761 20581783 12333067 11553137 24656459 39955477 436159 287323 17308483 34440883
0 48
1390999 33202991 18216377 3322127 4087961 13548571 19028543 35365339 11129659 5988383 5988383 6414251 25162321 29677859 8496899 10489849 15792277 4025687 2380849 6414251 6414251 5988383 35809987 67550867 20769677 10040143 12524521 12000749 5232313 7565329 24804277 1360871 1484611 7577587 3895201 26704681 14524259 8950943 16457437 21416513 16162409 13747361 26692097 3645689 4299931 1318907 1628257 35113453
0 35
2071031 22735147 29036849 2645077 1675601 9225149 9328819 19016681 13950799 6021163 3847759 18600947 41390729 30364591 31251823 10962823 15339523 12481697 2375519 11852381 23421779 17044051 30165911 33441391 34938529 19433693 3895007 4361933 11009003 31755331 28168667 12204749 6897977 7712449 8211517
0 39
652037 652037 1692113 27357457 11157233 6218851 5670083 35137057 10559473 995723 7842799 6103781 1983073 19346849 3520753 2083337 28515931 12380359 1618847 4308119 34271063 6602017 6301387 31465433 31256179 28123003 33026417 22568993 1983073 645899 2788571 22183067 22922261 2881493 239593 1076459 36218957 8061439 6301387
0 46
2480141 14022037 2826077 1295507 343537 34777 1606027 28904653 625903 750403 20731013 17282341 4831217 4638917 16594441 19657889 13313869 11916169 49667329 32423257 415747 267343 20701367 46512199 52374169 46512199 533441 53203 4831217 48440299 40483673 45472481 55391387 17594189 3561029 11711173 14109211 155293 816139 90847087 58196461 14443607 4129693 3369671 14109211 56836517
0 102
1030087 6364489 12083593 780097 4833781 56866681 17246267 6652883 20336819 48874081 8508047 5278129 32705317 9177397 5278129 3985703 1118423 1816981 7714331 35709137 20159387 22055437 52858951 52719131 4833781 423701 3415387 39067687 57017501 52719131 20336819 26480627 68645723 71360483 66155833 8508047 1118423 4748473 22409279 4211227 6788261 4481231 2780017 4211227 7322311 17246267 2783279 5278129 5278129 11078351 57358003 23433419 2383879 1864669 12616333 37571431 19812281 1465967 4833781 29055473 2469773 2295421 4358077 8508047 20336819 21936769 51814211 51951631 21994949 21936769 9177397 1181707 2824639 4343137 2229049 1816981 8410687 8410687 5278129 32705317 11258713 10318123 35709137 19908451 29055473 17246267 2783279 780097 5042747 9574139 8410687 4429951 1030087 1955719 8508047 8508047 5278129 32705317 9177397 5278129 3985703 1118423
0 46
1080581 380833 3082399 19240087 49065727 19547761 3369253 9961789 24555397 31542253 34550869 21666401 48442517 10630597 1622921 9415877 48326623 11442971 11975287 39722743 22029221 27348001 2800111 1358839 4455389 8716321 9457529 3369253 25153873 13146589 1622921 9181061 18519769 3273709 582553 1114621 5867629 1014529 163747 1220083 10699441 19779737 11023681 16080683 3290233 3305153
0 48
19762321 30410869 30116623 19604269 3231317 829921 4384643 4384643 7713437 93137 40381 8747993 11011843 11011843 11011843 6316907 1245337 5137129 5137129 4956751 47298613 31233949 16811647 35742881 2146559 669623 1956443 4082833 27754313 26113499 25860833 5035097 747931 782413 4459087 25458439 48582689 21277807 11011843 2573897 507427 5035097 3078539 1160231 4963789 11011843 6316907 7448783
0 58
25682521 45068999 44414057 53074141 42439363 34286669 30492881 11249753 12649397 34286669 16470743 14090071 32459663 37944079 34286669 40415017 12180769 2098753 285793 15209 430207 17060597 1756277 4572137 11530639 1101887 1678279 13692827 14329201 16343207 43173869 11700673 10703807 44414057 38257927 29330893 355301 529769 21008899 14090071 14090071 24091019 15114689 14471227 48014611 38822089 43510781 42878483 60046477 53136401 16263497 14329201 12625013 15031561 31584899 13069783 13340797 25210441
0 39
50997019 18844817 172037 856091 14418881 1833277 5047321 22067069 25606783 7178711 13654391 48705823 28515551 474637 478909 478909 173639 2924549 9190369 12942541 11257963 41282753 16109021 3119419 1590439 94429 24653 1407437 7616419 11603759 68794267 49438381 47357819 17970943 20901011 72108983 15155923 11127107 48705823
0 42
53192863 12039227 2702527 15743963 37992649 45590159 54727861 54617683 6326407 5475607 16318699 19306481 6405037 4290821 58902383 6822707 4152613 36026407 31363949 525197 217639 1481213 2131741 313223 66641 2527829 2770063 5550761 60463367 3791993 348119 786281 6788189 45607571 5282759 5475607 12565321 1153543 4776533 59332759 18609191 16542677
0 31
119897 18001 723487 4252139 15020923 527167 189521 14554733 33750721 9284647 8273233 7380973 1716817 1924357 9231239 4773253 724057 2012761 17256007 6207559 2051351 4589987 3222839 5038711 15937301 12664321 8777941 6370319 9190739 6772957 5859461
0 43
14667641 19257239 5286487 1130153 2225813 935741 812909 8640851 18396943 4782353 17038753 7684427 7263479 31821281 11088317 4969147 778451 1760933 1760933 1351379 20154749 49293743 17978969 1142327 1290959 5404601 22912397 10333423 4950391 31821281 7495801 5108729 40706837 13050313 6952901 43482409 81614717 40706837 43482409 3482701 879161 20602537 85950253
0 43
23574391 27448849 9517787 6202169 52187063 68781491 23114909 23651377 75291607 98585041 36707513 10732391 6325637 4551931 6607507 9182189 2992993 5828243 41385613 7547951 8529463 46767269 20899141 28034351 32402159 32897827 43291477 12252517 7881443 3729127 7164419 52694267 24121523 23593477 21531551 10035671 19438711 52187063 28409141 23211563 28034351 13667809 34311857
0 47
9846211 17414039 49037861 49328759 87788159 18339931 8908841 21687649 2761601 2888503 25071037 44475227 5124113 2888503 2888503 2882573 29608351 11652083 461033 518873 8652907 36801983 42644149 8908841 461033 518873 1276729 308953 402733 3765283 22362761 18460411 21661127 9701987 1067993 5124113 39670831 35594023 4597529 2571841 8721707 12249001 32812217 3194491 21941 74 2518
0 30
9885341 1174279 1126907 4400009 27577421 7062983 93833 452891 36244471 29320351 15191947 5462609 10253743 28516469 31077509 690223 593843 1721393 1749331 28470553 28597271 31865969 19307297 22952113 37881601 27292861 679387 732103 15841789 35655391
0 38
8145497 914999 961253 270707 1504169 75325541 14292367 285403 266699 4597763 13597517 37344761 1320469 803771 3287279 1078457 13006223 13006223 3696439 2067103 449447 2721623 17746693 5240701 854239 2603833 1294697 1270487 13597517 4643827 956509 1388213 9174379 20954893 8442913 10040861 3770887 2800739
0 25
23533091 3922693 7943869 49271863 4751867 3086647 21730201 4018801 8450251 1587193 1361653 1361653 944941 944941 1773353 12671053 1518173 9107851 42362633 44681453 34128181 5393543 11340893 68036491 23533091
0 33
5241653 30084031 15917509 2251567 2510467 10521853 3844871 6002761 31888609 242821 155531 3360193 863041 987527 9172627 51109567 6296149 5369213 13178059 15453107 52483703 42417607 7290601 9020729 14991113 2690453 3085889 17711203 14538683 5678689 7632749 3404789 5369213
0 34
13343437 818981 2958817 50613791 18537203 781343 933281 500971 1192441 32389603 47126257 42898897 4525159 4971079 48517517 20681827 19860667 38754857 24217891 41465861 40779971 46805197 4452223 3080977 50197529 13343437 818981 2037527 28021 65261 86526763 4519847 2605937 7346923
0 49
26929079 19002509 46107833 44707723 34478761 35558531 51063377 46166777 51823777 40830577 36828191 24532847 9794731 10019063 9016853 840227 1677341 48370247 27527053 22804853 55866143 25094731 10243801 27965543 50301497 44707723 67507409 4956101 4470283 14319779 9796649 31979021 17180309 24092521 24457439 18704561 44707723 60138409 27167969 10110173 18000299 18000299 27372481 73555093 51063377 46107833 24855637 31028227 27937363
0 43
13606379 2990479 4656667 4656667 9747797 9747797 8759431 36885829 12592861 2990479 473281 799157 577309 201749 2002513 4161863 6153991 25170529 15494741 13111253 17369717 10232153 5573369 1422829 5991511 12592861 2990479 8938591 24887959 26342909 12743707 11798537 34421689 8759431 3763853 4873093 442657 2239849 14603033 1422829 5705611 37939619 37939619
